0.638083 0.366699
0.042694 1.089558
0.886166 0.375377
-0.455250 -0.484623
-0.303961 1.088051
1.449623 0.835832
-0.544347 0.509041
-1.711122 -0.402064
0.977382 0.113023
0.207793 0.185184
-0.031040 -1.337022
-0.383018 -0.127788
-0.433605 0.165121
-0.096168 0.477663
0.355869 1.438179
1.088217 0.849649
0.073168 -0.882547
1.109302 -0.360088
-0.044911 -1.228934
-0.328995 -0.400094
-0.316067 0.496742
0.953580 0.433865
-0.605506 1.401843
1.295753 -0.270101
-0.155520 -0.111309
1.000089 1.098437
-0.980477 0.370738
-0.232305 0.012353
1.255191 0.634259
-0.192353 -0.024859
0.066678 -0.112292
-0.817425 0.580947
0.108220 -0.241130
-0.997702 0.884616
-0.316942 -0.034940
0.981712 0.580524
0.513429 -0.773519
0.032967 1.242189
1.582985 -0.707674
0.078982 0.404898
-0.162909 -1.488828
0.833291 0.368707
0.878927 -0.791241
-1.342087 -0.437986
-0.821787 -0.717568
0.063800 0.483817
0.847438 -0.242744
0.397846 -1.248150
-0.645689 -1.096815
-0.744624 0.899645
0.817199 -0.597473
-0.191363 0.028624
-0.946165 0.302374
0.455015 -0.727393
0.614756 -0.841501
0.650940 -1.275210
0.202324 1.542028
-0.738852 0.334545
0.235760 -1.038061
0.793718 1.117128
-0.019766 0.603556
0.674600 -0.792236
-1.240572 0.591016
0.426035 0.465408
-0.419936 0.290219
0.719182 0.258348
-0.041255 0.093902
-0.063259 0.676512
-0.236964 -0.069091
1.290591 -0.176085
-0.473542 -0.366743
0.517036 -0.526455
-0.044164 0.299895
-0.255117 -0.101610
-0.095428 -1.286213
0.080677 0.147065
-0.332559 -1.224525
0.042243 -0.368343
-0.829163 0.155267
-0.660159 -0.763625
0.780818 -0.286244
-0.115303 -1.078527
0.135183 0.118578
0.996305 0.872037
1.191380 -0.887063
-0.382989 0.348528
-0.051768 -0.165013
0.277938 0.028798
0.388576 -0.271222
0.710157 0.835787
0.662192 -0.670778
0.692957 0.036671
-0.206229 -1.536431
0.028550 -0.779773
-0.162822 0.585320
0.377605 1.255551
0.256561 -0.011109
0.158370 0.829906
-1.076096 -0.617646
-0.261204 -0.545726
-0.065139 0.835884
-0.931682 0.724438
0.654798 -0.276327
-0.444703 -0.520066
0.536063 -0.181699
0.518689 -0.794412
-0.608518 0.265448
-1.026330 0.732473
0.250841 -0.118492
0.251190 -0.081526
0.452314 -1.059671
1.461167 0.109301
-1.308159 0.062848
1.359186 -0.161826
-0.159623 0.807143
-0.953856 -1.319583
0.980030 0.728837
-0.703638 0.364706
0.755763 1.172526
0.041017 -1.270999
0.749777 0.242671
0.972186 -0.388103
0.939880 -0.055609
-1.282677 -0.345286
-1.310068 -0.340513
-1.232783 -0.228790
-0.299011 0.891261
0.391649 -1.959119
-0.541438 -1.557067
0.564949 1.097677
0.451371 0.493680
1.239529 -0.472667
0.827860 0.863858
0.692260 0.432526
-0.928329 -1.365875
-1.035228 0.828195
-1.001143 1.003932
-1.355192 0.632262
-0.131214 1.044340
0.103806 0.982103
0.333797 1.184230
-0.467594 -1.013345
0.825082 -1.058240
0.479767 -0.390258
0.377047 -1.143353
0.247779 0.971075
-0.714819 0.019689
-1.131775 0.491799
0.347917 -1.115417
0.093835 -1.089234
-0.059873 0.166582
-1.069469 -0.378652
1.571294 0.056096
-0.933672 0.656544
-0.554414 -0.023337
0.907609 -1.232680
0.197430 -0.053310
-1.164298 0.610016
-0.892669 -0.715967
0.319243 1.562527
0.752410 -0.100417
-0.467682 -0.591363
-0.614979 -0.872537
0.221232 0.741205
-0.312289 1.133954
0.363532 0.297659
0.733043 1.093683
-0.380753 1.217123
-0.191540 -1.207560
-0.757671 -0.449701
-1.316531 0.909110
1.639845 -0.424465
0.638119 -1.157617
-0.540149 0.299080
-0.956155 -0.168092
-0.473853 -0.656739
1.048197 -0.475393
-0.686687 -0.872362
0.791082 -0.667855
0.066209 -0.513981
0.270908 -0.429069
0.285266 1.217868
0.818181 0.682639
1.017091 -0.938186
0.105499 0.427494
0.020699 -0.482773
-0.256454 -1.138333
0.758208 0.135394
-0.135460 -1.127949
-0.057457 1.323450
0.743532 -0.326187
0.760695 0.903948
-0.878753 -0.595668
-1.277109 0.617843
-0.807265 0.883610
-0.963826 -0.494047
0.507892 0.701327
0.220560 0.498003
-1.522343 -0.284400
-0.360723 0.571044
1.091664 0.412159
-1.133238 -0.130789
-0.718894 1.160816
0.903004 0.250965
0.080355 0.368091
-0.201710 -0.411086
0.695256 -1.051721
0.560933 -0.482052
0.017581 0.020049
-0.748901 0.839690
0.822865 -0.016778
0.505604 -1.234404
-0.919344 -1.365770
0.886351 0.367956
0.566333 1.136902
-0.546015 -0.177328
-0.166865 -0.275794
-0.840371 -0.547373
0.698162 -1.119489
0.712088 0.377672
1.664230 -0.465483
0.174206 1.192661
0.108346 0.700142
-0.688593 0.215706
-0.046942 0.729329
0.415849 -0.518563
-1.670981 -0.271642
0.426371 -1.146094
1.205834 0.030421
0.369393 -1.109700
-0.239034 -1.062366
-1.292885 -0.894180
0.556471 0.190195
0.872694 0.116605
-0.152273 -0.105495
0.939952 -0.548431
-0.204043 -0.214068
-0.620885 -0.735739
1.128618 -0.133491
-0.173325 0.750460
0.093208 1.102616
-0.598445 -1.222829
-1.212942 -0.286434
-0.538853 -0.725289
-0.145520 0.503880
0.169518 0.789896
-1.046400 -0.053494
1.207390 0.247428
1.244579 0.808733
0.323162 0.972180
-0.337360 -1.245342
-0.426186 -1.287082
-0.666627 0.748940
-0.311242 1.075375
0.681100 -0.909732
-0.150579 0.588561
-0.648319 0.431379
0.162806 1.255069
-1.380217 0.276450
-0.138498 0.074091
-0.861141 -1.021485
1.439853 -0.274832
-0.569080 1.053742
0.228854 -0.349723
-0.130016 0.873867
0.355664 1.369623
-0.425459 0.278744
0.145542 0.635481
-1.240226 -0.161651
-0.483518 -0.149706
0.770314 -0.284104
-1.104206 -0.352020
0.196223 0.223163
0.675161 -1.520555
-1.251051 -0.412658
0.060312 -0.822248
-0.247853 1.229622
0.507788 0.999304
0.069934 -1.032323
-0.383091 0.062651
-0.334071 0.607024
1.173029 0.821490
-1.102997 0.245115
-0.436090 -0.861216
-0.636853 0.791315
0.324737 1.373906
-0.091426 0.942365
0.750901 0.823506
1.284703 -0.397978
-0.916601 -0.098352
0.740542 0.831599
-0.583031 -0.372442
0.405990 -1.336746
0.785526 0.362753
0.591804 1.113758
-1.160726 -0.018574
0.900344 -0.239892
1.081528 0.421228
0.657953 0.603927
-0.300029 -1.090908
1.212105 -0.163223
0.735584 -1.070912
0.966123 -0.256047
1.259882 -0.436998
-1.323585 0.203949
-0.090325 0.275857
-0.227239 -0.313692
-0.546402 0.050822
-0.676266 -1.391173
-0.777067 -0.959910
-0.664193 -1.026843
-0.950851 -0.644272
-0.146027 -0.354432
-1.436007 -0.118274
-1.096600 -0.123082
0.806761 0.210162
0.860843 -0.217886
-1.327505 0.493413
-0.830236 0.305725
0.984437 -0.755038
