0.176496 -4.993935
3.124078 -1.003251
-2.694087 8.502625
0.003895 13.929561
3.931180 -5.655484
-6.207182 -3.795497
-3.045919 -4.578669
-3.890785 4.953710
-3.880923 5.930790
-5.631830 -2.836054
-2.245944 4.084981
-1.659969 8.310447
-6.715240 2.985916
4.291528 -5.982126
7.681859 -6.504488
-7.765252 2.986834
-6.397244 3.997993
-4.847672 4.687897
0.345013 -5.754345
11.138746 -5.329856
-5.842950 2.461115
3.388855 9.030931
3.098929 -4.811296
2.363104 -2.647015
0.098786 1.814847
3.025206 -6.513038
3.736478 -0.080578
0.979359 -0.695078
-5.725231 1.219892
-3.063714 1.211073
-4.222936 1.648736
7.633294 -1.414595
-2.627748 0.761416
-8.098093 -3.689705
-5.828227 8.167614
-1.598133 -0.151396
-6.486221 -5.491679
-5.519343 -7.394708
-3.086358 -5.914979
2.000603 1.605999
1.600653 -4.369618
-6.932700 4.046330
5.668411 -2.655833
-7.536428 -5.365893
-3.082124 1.794027
1.709623 0.098296
-5.663056 -3.858153
-3.155915 -2.851087
-5.660983 -2.923738
5.707159 -2.433676
-3.780740 4.073021
0.019346 -0.870277
-1.727073 0.335559
-0.575456 4.924893
-5.480019 -5.608524
-1.314097 10.414651
8.339287 9.077396
-2.847924 1.562066
4.504922 0.912804
0.641213 -5.850302
1.110715 4.219227
3.398255 8.196251
8.556108 7.435384
-1.861689 -6.034636
-2.911923 -0.565090
-0.979837 7.707495
2.661606 1.080451
1.136649 4.592759
3.448897 8.873711
-4.063639 -4.035530
-2.887100 -0.974158
1.744290 -1.386589
-2.330384 -2.652801
0.383886 6.357590
-2.445625 -4.613057
-7.456625 5.439125
11.872251 4.209553
-1.740845 1.594852
-6.386556 6.701970
3.738419 -4.785702
0.929251 -0.254342
0.859321 -2.157085
-2.836100 -3.194991
0.826291 -2.644566
-4.256208 1.869444
6.672195 12.976202
-0.247796 -1.240014
3.694971 0.030984
5.312865 1.452685
2.865396 -4.559409
-3.195171 -3.462463
3.108711 3.901539
-4.894077 -5.061407
-3.343737 1.042647
-4.410810 -5.996247
1.249905 1.928628
3.633721 7.996037
2.404040 4.341799
0.380481 -3.170287
11.352564 -1.338347
5.767731 6.027564
0.395800 3.097047
-5.625907 -4.038365
0.714209 0.001993
-8.516301 2.102000
1.823640 -1.691645
1.064059 3.108550
-0.737149 -1.614902
-5.482557 3.123594
0.420742 1.061120
13.281710 -4.348089
-3.255009 0.275409
-3.727973 -1.150605
13.337783 -1.931652
6.956854 -2.237653
-3.146188 6.547131
-1.448953 2.538842
-6.784870 4.187717
-5.512105 1.326529
5.967553 -2.617614
-4.680611 -0.877487
7.221068 0.638259
-3.886059 -2.713245
4.823858 7.112477
6.624763 -1.998787
-3.143061 -2.593782
1.693543 -2.572510
1.246913 -3.259733
0.604693 -4.747435
9.444044 -7.097225
2.212649 10.240937
-0.326614 -4.241720
-3.342546 -3.570855
-2.631045 -3.075019
7.482209 -2.473066
1.464067 5.854948
-5.539865 -1.649316
7.827919 -3.775558
-3.847274 -0.578582
-4.548872 -3.948494
-1.396066 5.870803
5.721619 -0.579576
1.334575 -3.853656
-3.971809 2.181253
8.259935 3.109917
2.063722 -0.401741
-2.994653 1.868330
-0.420585 6.349631
3.046032 5.650803
1.531726 -2.741334
7.106660 0.953764
3.928340 7.956806
8.630557 -6.301770
-4.535706 -1.830686
-1.033084 1.810142
0.576198 4.385603
-5.079573 10.081564
5.531922 1.782640
2.498559 8.837088
2.265517 4.455183
-0.973489 5.399244
-1.187193 -0.914839
5.587371 -0.009031
-0.121930 -4.784025
-3.930404 -5.773060
8.718699 -5.035566
-4.236109 -2.669034
10.270873 1.803748
2.640211 -2.314205
7.270118 -2.605727
-1.641470 -0.983652
9.558323 -3.960291
-6.995222 4.276725
-1.631777 -7.197088
-0.737114 -7.488524
-7.461802 0.784270
-5.643907 2.517653
-6.393737 0.098974
2.305943 7.445428
-1.677576 -3.638403
10.818254 -1.047636
2.291325 -2.754027
1.908519 -2.637603
-2.196059 7.779914
5.884373 3.727113
0.922709 -7.479631
-2.063123 1.563526
3.295207 7.847180
11.559455 -1.131742
4.851397 5.501194
-1.092562 2.875799
-1.021406 -1.298351
-3.072818 -1.809052
-7.772223 -0.105352
-6.820901 -4.789297
-1.926887 -0.118693
-5.058837 -6.355730
8.058282 -6.960812
7.415786 -4.168088
-2.951025 2.612250
-1.618918 5.284939
-7.039813 2.420821
1.622185 -2.765719
-6.819311 -6.756150
-3.504347 3.236525
1.777893 -3.820798
11.487057 1.250976
-1.154249 7.862334
-6.994156 2.014022
-0.033458 -1.338531
2.013487 1.506087
-1.744467 -0.633327
-3.284716 2.544832
-2.028563 1.136751
-6.209888 -6.589413
5.420083 -6.215366
-5.886749 -5.244904
1.715842 6.427095
1.321761 -0.862115
6.227629 7.833989
-1.965090 -1.448585
-4.241487 -3.250816
-3.419785 -4.033223
3.025567 17.249176
11.749079 5.978182
-0.851452 -1.986552
3.116292 -0.276919
7.006457 1.878044
3.485477 -1.222781
4.838655 3.988016
6.884771 4.877032
4.811133 -1.657428
6.392773 3.982505
-3.857659 -1.324367
5.996374 5.415626
-6.776612 -1.972798
-7.168207 0.939240
-4.517667 5.920544
-7.272701 -0.508493
1.608561 11.912677
-3.313751 0.218346
3.599774 0.957171
6.200490 -3.424878
5.565770 7.359898
7.067634 -0.162350
1.212323 -4.263259
6.562984 -2.107377
-3.319259 0.914519
-1.070366 3.601676
1.595600 -2.240998
-2.633162 7.285507
1.629584 2.866279
-3.293437 -2.685299
6.201872 -2.989801
5.959960 8.542874
-1.209251 3.714847
0.674414 -0.973888
3.367745 -0.531116
1.540121 -2.063832
-4.898168 -0.592964
-1.795824 -4.479372
6.295038 -2.332777
-4.109502 -3.176005
5.293272 -0.278894
-8.509939 3.185634
-3.992568 7.644884
7.063730 -1.250738
6.435265 -3.260139
-4.949217 0.424374
5.962609 -0.745492
-4.038476 6.854661
0.247449 -2.235436
0.585918 -0.829649
-5.707255 6.479618
-5.594927 5.946949
5.176661 1.202066
-3.061162 -3.463935
-7.084221 0.023082
-5.462171 2.300128
-4.432448 0.992724
5.594578 7.406151
-3.429214 1.921627
-2.227537 1.502363
-4.730242 -3.746929
0.733821 4.105058
7.695359 8.306457
2.482316 5.429580
3.956522 -1.138910
-0.364822 7.681941
-4.300778 -7.521520
4.314729 -4.594764
5.476247 -3.756524
2.566162 9.357848
-3.144811 -0.544575
-4.688755 -3.999280
-1.618007 -2.358650
-5.405802 10.631397
-2.537187 1.829256
7.409346 4.781877
4.641583 -5.649128
-0.321059 1.174351
-3.280060 2.992268
2.846737 9.394611
3.449375 3.038872
-2.817326 -3.802624
3.136463 -1.164105
8.949689 -0.961213
6.151055 -5.423791
-2.421385 -1.673244
1.178979 5.620437
-4.542240 5.335953
-2.557149 -2.376590
-4.685410 -5.265221
-4.175844 -4.434531
9.065860 4.151145
5.121816 0.761534
-4.087176 -6.014676
-4.381107 -2.370303
-2.469646 -2.228535
-1.580078 1.516129
5.991931 0.404642
10.396763 -4.058088
-2.919280 21.867519
-5.186870 -27.907539
11.906603 1.695590
-0.292247 -3.140892
-3.577416 -0.800416
3.360496 15.025704
0.698848 14.979404
-0.423756 -2.746433
-2.707188 11.901901
-5.856922 18.863071
-1.267364 12.415215
-12.302840 -1.893719
18.415998 -1.567426
0.543182 -9.886677
0.883066 -13.291505
-2.588141 12.924691
5.547770 0.310948
25.123043 0.649834
-1.532033 9.340262
11.444832 -20.014633
-10.439320 0.531241
9.353978 3.803238
-6.801008 -8.901452
9.958545 -1.559360
-11.467970 4.719463
6.981190 6.513976
1.902286 -7.501823
2.259125 8.917642
-0.171608 7.987198
-18.070827 3.715824
-3.492188 7.002774
-0.336032 -0.572149
-1.932118 18.673941
-4.049441 4.900277
-0.360829 -2.081168
-0.899588 0.657389
-3.166948 0.346329
-8.877976 -7.763797
8.145320 -1.094813
1.101550 13.311351
16.748615 -3.192629
-0.421860 2.267404
3.211010 8.503470
7.630938 6.385678
-1.939163 0.269155
-1.413660 3.601020
2.092156 1.518703
-14.848418 -2.259371
-0.620562 -12.385802
6.037874 -4.028522
4.529374 5.620483
-5.404056 -14.101219
2.046457 2.048695
4.481736 22.308241
-18.987375 20.141655
-1.527091 -10.703737
13.258374 -6.990608
8.155812 0.386646
7.501862 12.168385
11.081773 -18.653019
-19.235083 -17.473063
-2.934411 3.677871
-5.134365 5.750573
4.036949 17.882227
10.406090 7.036499
-10.126838 -14.138876
-12.856595 -20.455109
-1.248723 0.990029
3.188254 -4.704223
9.641277 4.142352
3.632507 2.391518
-6.723411 -15.669195
3.349461 0.890053
-0.487922 -14.169211
24.661873 -12.283465
-4.675851 10.296432
1.608969 -16.562901
-11.681170 3.004604
7.387978 -4.512820
-6.925032 2.104803
-2.989236 3.003218
8.065191 -3.643108
-1.812821 -8.218329
-18.939953 26.387779
6.564913 -4.656690
-11.503310 -4.806057
13.922587 -8.040009
9.784796 0.555508
2.258775 2.709402
10.300596 13.421073
0.870815 0.172209
-2.443051 7.517902
-1.284066 -0.541129
7.562323 9.152428
-11.060032 -18.846018
-9.996181 -12.284231
5.383908 1.861109
-23.752090 -3.254934
14.689854 -15.254508
-7.656025 10.494613
0.659014 -1.667595
7.631553 5.305513
0.143176 -9.135108
8.672038 4.914797
-9.988064 10.381854
5.705562 -4.628133
-1.363816 -10.146324
7.475496 7.169619
26.938789 1.648849
0.995401 -6.448378
-0.435372 3.714676
-26.946615 4.137619
16.772724 3.569074
-2.286674 -18.577242
4.742986 9.719126
-1.240836 12.011956
-1.665818 -7.121456
15.157069 -1.639716
0.883595 -5.964274
-17.101126 -5.868558
-1.221936 1.619234
-13.349253 16.944544
18.033976 3.156023
-3.209507 -4.072636
-7.862303 -2.995558
7.850163 -1.307662
-6.345133 1.537361
-20.685019 -1.128331
-10.385450 21.967468
-5.880280 1.881696
-1.245812 3.366296
-3.536512 1.295622
-17.578554 -4.018325
7.947424 -14.860459
1.602105 6.512099
-18.050503 0.573625
-2.348457 5.203673
0.664726 -3.138115
-3.054930 16.660496
-14.706030 -4.493939
-7.385363 3.069302
-0.873044 9.201515
18.750288 -10.614937
9.013120 -5.271164
3.859748 8.418916
6.057599 -15.799149
10.423780 14.494705
7.285439 -2.879506
16.974380 8.177932
11.815175 18.266619
-19.406147 -0.737595
-1.863370 -4.597739
-6.651265 -9.229115
-7.247591 -12.560790
-1.197809 -21.770456
-14.462143 8.507224
9.586792 -19.762211
-9.128631 13.341829
3.469400 14.272345
3.764402 -4.311534
14.454859 8.532655
4.863667 -3.781673
1.078600 1.511236
-19.601551 -1.050169
1.367108 3.956353
21.998440 9.924879
-9.893385 -3.474687
-17.273769 -3.334047
4.226891 4.378551
21.415936 -2.554747
-0.907164 14.576753
3.653359 0.100750
6.343642 -0.202624
-0.914709 6.504834
-1.966728 10.879237
-0.285647 6.179877
-8.783035 17.556831
-6.812641 3.322599
-22.937788 3.710629
-9.740367 -4.172849
-8.651221 4.008428
-2.359417 -17.971737
-15.310241 11.829803
-6.753153 0.233314
2.951332 -7.714029
-10.467465 -18.830868
24.113251 3.288709
-13.311254 15.705435
5.203663 -9.826305
5.854486 4.050372
2.420493 2.459014
0.764822 6.150267
-0.563604 -1.661601
-3.150676 -4.985856
2.447864 -0.829355
-18.527977 1.198211
-17.396215 -3.014239
1.488330 -9.285476
-2.796756 -14.069111
0.966276 10.671887
-10.125881 2.907894
-1.344456 0.235107
-2.245760 10.670784
-7.740251 0.334214
-23.995443 -7.850989
5.040716 18.106831
-0.090641 8.895882
-6.470015 -4.679128
8.943504 8.471598
-2.555137 -4.686895
-1.546882 -9.180523
2.378360 8.279706
-0.967178 -0.665278
-14.104575 1.027856
0.592073 -1.524479
8.452662 -18.762253
8.380429 3.580846
16.800035 -18.179714
2.326648 -3.847153
-0.530458 -3.279504
-3.228790 -2.165947
10.333558 -33.248108
-24.679346 15.140543
4.402878 -4.565280
11.118705 4.368994
-19.752951 9.782746
12.917467 6.192002
13.347562 12.000733
16.537384 -13.196440
-14.560302 -3.384534
-15.722666 11.908247
0.181311 4.851505
-15.092092 -14.286193
1.357284 -3.684021
0.527028 7.402002
-0.198263 -17.407820
-0.434582 6.195467
-8.455517 24.645174
-0.942523 -5.661706
-11.026560 7.318303
15.441194 2.461808
15.341918 17.292032
-16.898981 -4.683199
10.004190 -3.997610
-16.478275 2.601517
-1.611280 -6.643428
-4.754195 -11.264333
-7.879299 -4.286099
-3.565502 17.205536
8.086980 -11.711409
3.517220 -3.996739
-15.473354 1.277558
-15.144073 19.315361
-3.201127 11.906617
-6.624175 6.119017
11.502975 -5.087173
7.516487 4.175884
-2.676808 5.099555
4.021947 -1.239356
16.605700 2.437686
3.013189 -3.388887
-14.540084 -4.585878
0.163275 10.780210
-0.159405 -17.820805
-19.800417 3.681047
15.928288 -1.514903
-2.252803 -5.988496
-15.815384 3.743954
-4.385998 16.564545
6.525340 2.002117
6.966482 -4.602916
-2.552745 -15.852378
0.287187 -15.001051
-13.832356 -9.856114
1.634527 1.116192
-0.859730 -5.831408
-1.747584 -8.649931
-1.265301 7.418579
14.573324 -17.720163
-2.721406 -8.071247
4.205558 8.134655
-0.507993 2.346765
8.715199 12.043405
-17.846241 -18.831493
9.057518 14.195244
-11.917457 5.070688
4.245102 17.899031
2.608604 0.603677
-13.794295 -2.589818
14.283017 -2.871684
9.754105 20.526140
2.324376 5.632372
-1.527074 -1.250710
-2.768666 -3.395061
1.821837 -23.872358
-3.949858 -8.671910
17.422262 13.028122
-13.054053 0.514310
5.495317 9.151644
2.338845 -10.087086
9.674209 20.590752
11.151606 10.500121
-3.793949 -0.940211
10.635342 -3.403040
-19.869093 3.640023
15.523411 -0.175562
-2.326414 4.125117
6.666095 -14.510663
-1.543368 -14.920025
-2.475148 -4.190878
1.924006 2.251050
-2.570311 0.430711
-21.185461 -12.888803
-14.022502 -7.168914
-2.902629 -1.112575
-1.167954 2.025617
-2.108759 4.733500
3.015296 -8.783001
